desc: I1 cache:         16384 B, 64 B, 4-way associative
desc: D1 cache:         16384 B, 64 B, 4-way associative
desc: LL cache:         262144 B, 64 B, 8-way associative
cmd: build/dct test/64_byte_random 8 8
events: Ir I1mr ILmr Dr D1mr DLmr Dw D1mw DLmw 
fl=/root/repo/src/dct.c
fn=copy_data
43 5 0 0 0 0 0 3 0 0
45 54 1 1 17 0 0 9 0 0
46 432 0 0 136 0 0 72 0 0
47 1024 1 1 448 0 0 64 0 0
50 4 0 0 1 0 0 0 0 0
fn=dct
53 7 1 1 0 0 0 6 0 0
54 8 0 0 2 0 0 0 0 0
61 3 1 1 0 0 0 0 0 0
62 6 0 0 3 0 0 0 0 0
64 6 2 1 2 0 0 0 0 0
66 3 0 0 0 0 0 0 0 0
67 6 0 0 3 0 0 0 0 0
70 6 1 1 2 0 0 0 0 0
72 3 0 0 0 0 0 0 0 0
73 6 0 0 3 0 0 0 0 0
76 6 0 0 2 0 0 0 0 0
78 3 1 1 0 0 0 0 0 0
79 6 0 0 3 0 0 0 0 0
82 6 0 0 2 0 0 0 0 0
84 3 1 1 0 0 0 0 0 0
85 6 0 0 3 0 0 0 0 0
88 6 0 0 2 0 0 0 0 0
90 3 0 0 0 0 0 0 0 0
91 6 0 0 3 0 0 0 0 0
93 2 0 0 2 0 0 0 0 0
fn=run_dct
14 42 1 1 0 0 0 36 0 0
15 42 0 0 6 0 0 6 0 0
16 42 1 1 6 0 0 6 0 0
18 84 2 2 30 0 0 12 0 0
19 84 0 0 30 0 0 12 0 0
23 324 1 1 102 0 0 54 0 0
24 2592 2 2 816 0 0 432 0 0
25 4608 0 0 1920 0 0 384 0 0
26 4992 0 0 1920 2 0 384 0 0
30 30 0 0 6 0 0 0 0 0
32 42 1 1 12 0 0 0 0 0
33 324 0 0 102 0 0 54 0 0
34 336 0 0 48 0 0 0 0 0
38 18 0 0 12 0 0 0 0 0
fl=/root/repo/src/dct/loeffler_2d_fixed.c
fn=butterfly
11 432 1 1 0 0 0 240 0 0
13 240 0 0 48 0 0 0 0 0
16 128 1 1 32 0 0 16 0 0
17 160 0 0 48 0 0 16 0 0
18 160 1 1 48 0 0 16 0 0
19 16 0 0 0 0 0 0 0 0
21 160 1 1 32 0 0 16 0 0
22 240 0 0 48 0 0 16 0 0
23 160 1 1 48 0 0 16 0 0
24 16 0 0 0 0 0 0 0 0
26 144 1 1 32 0 0 16 0 0
27 240 0 0 48 0 0 16 0 0
28 160 0 0 48 0 0 16 0 0
29 16 0 0 0 0 0 0 0 0
31 192 1 1 48 0 0 0 0 0
fn=dct_2d_fixed
34 5 1 1 0 0 0 4 0 0
38 54 1 1 17 0 0 9 0 0
43 120 1 1 48 0 0 8 0 0
44 152 1 1 64 0 0 8 0 0
45 152 1 1 64 0 0 8 0 0
46 152 2 2 64 0 0 8 0 0
47 152 1 1 64 0 0 8 0 0
48 152 1 1 64 0 0 8 0 0
49 152 1 1 64 0 0 8 0 0
50 152 1 1 64 0 0 8 0 0
55 128 1 1 48 0 0 8 0 0
56 96 1 1 32 0 0 8 0 0
57 160 1 1 64 0 0 8 0 0
58 160 2 2 64 0 0 8 0 0
60 200 1 1 80 0 0 8 0 0
61 200 2 2 80 0 0 8 0 0
66 160 1 1 64 0 0 8 0 0
67 160 1 1 64 0 0 8 0 0
68 136 1 1 48 0 0 8 0 0
70 160 2 2 64 0 0 8 0 0
71 160 1 1 64 0 0 8 0 0
72 160 1 1 64 0 0 8 0 0
73 160 1 1 64 0 0 8 0 0
77 152 1 1 40 0 0 8 0 0
78 48 1 1 24 0 0 8 0 0
79 128 1 1 48 0 0 8 0 0
80 160 1 1 64 0 0 8 0 0
81 80 1 1 40 0 0 8 0 0
82 152 1 1 40 0 0 8 0 0
83 80 1 1 40 0 0 8 0 0
84 80 0 0 40 0 0 8 0 0
85 48 0 0 24 0 0 8 0 0
90 54 0 0 17 0 0 9 0 0
95 136 1 1 48 0 0 8 0 0
96 176 2 2 64 0 0 8 0 0
97 176 1 1 64 0 0 8 0 0
98 184 1 1 64 0 0 8 0 0
99 184 2 2 64 0 0 8 0 0
100 184 1 1 64 0 0 8 0 0
101 184 2 2 64 0 0 8 0 0
102 184 1 1 64 0 0 8 0 0
107 144 1 1 48 0 0 8 0 0
108 104 1 1 32 0 0 8 0 0
109 176 1 1 64 0 0 8 0 0
110 168 2 2 64 0 0 8 0 0
112 216 1 1 80 0 0 8 0 0
113 216 2 2 80 0 0 8 0 0
118 184 2 2 64 0 0 8 0 0
119 184 1 1 64 0 0 8 0 0
120 120 1 1 48 0 0 8 0 0
122 184 1 1 64 0 0 8 0 0
123 184 2 2 64 0 0 8 0 0
124 184 1 1 64 0 0 8 0 0
125 184 2 2 64 0 0 8 0 0
129 176 1 1 40 0 0 8 0 0
130 80 1 1 24 0 0 8 0 0
131 144 1 1 48 0 0 8 0 0
132 184 1 1 64 0 0 8 0 0
133 120 1 1 40 0 0 8 0 0
134 176 2 2 40 0 0 8 0 0
135 112 0 0 40 0 0 8 0 0
136 112 1 1 40 0 0 8 0 0
137 56 0 0 24 0 0 8 0 0
141 3 0 0 2 0 0 0 0 0
fn=dct_loeffler_2d_fixed
144 5 2 1 0 0 0 4 0 0
145 3 0 0 2 0 0 0 0 0
146 3 0 0 2 0 0 0 0 0
fl=/root/repo/src/dct/loeffler_fixed.c
fn=butterfly
27 336 1 1 0 0 0 192 0 0
29 240 0 0 48 0 0 0 0 0
32 128 1 1 64 0 0 16 0 0
33 128 0 0 48 0 0 16 0 0
34 160 1 1 64 0 0 16 0 0
35 48 0 0 32 0 0 16 0 0
36 16 0 0 0 0 0 0 0 0
38 128 1 1 64 0 0 16 0 0
39 144 0 0 48 0 0 16 0 0
40 160 1 1 64 0 0 16 0 0
41 48 0 0 32 0 0 16 0 0
42 16 0 0 0 0 0 0 0 0
44 128 1 1 64 0 0 16 0 0
45 128 0 0 48 0 0 16 0 0
46 160 0 0 64 0 0 16 0 0
47 48 0 0 32 0 0 16 0 0
48 16 0 0 0 0 0 0 0 0
50 192 0 0 48 0 0 0 0 0
fn=dct_1d_fixed
53 64 2 2 0 0 0 48 0 0
56 112 0 0 64 0 0 16 0 0
57 144 1 1 80 0 0 16 0 0
58 144 0 0 80 0 0 16 0 0
59 160 1 1 80 0 0 16 0 0
60 160 0 0 80 0 0 16 0 0
61 160 1 1 80 0 0 16 0 0
62 160 1 1 80 0 0 16 0 0
63 160 0 0 80 0 0 16 0 0
67 128 1 1 64 0 0 16 0 0
68 96 0 0 48 0 0 16 0 0
69 144 1 1 80 0 0 16 0 0
70 128 0 0 80 0 0 16 0 0
72 112 1 1 32 0 0 0 0 0
73 112 0 0 32 0 0 0 0 0
77 160 1 1 80 0 0 16 0 0
78 160 0 0 80 0 0 16 0 0
79 80 1 1 16 0 0 0 0 0
81 160 0 0 80 0 0 16 0 0
82 160 1 1 80 0 0 16 0 0
83 160 0 0 80 0 0 16 0 0
84 160 1 1 80 0 0 16 0 0
87 144 1 1 48 0 0 16 0 0
88 64 0 0 32 0 0 16 0 0
89 128 0 0 64 0 0 16 0 0
90 160 1 1 80 0 0 16 0 0
91 80 0 0 48 0 0 16 0 0
92 144 1 1 48 0 0 16 0 0
93 80 0 0 48 0 0 16 0 0
94 64 0 0 48 0 0 16 0 0
95 64 0 0 32 0 0 16 0 0
96 48 0 0 32 0 0 0 0 0
fn=dct_loeffler_fixed
99 5 1 1 0 0 0 4 0 0
103 54 1 1 17 0 0 9 0 0
104 432 1 1 136 0 0 72 0 0
105 1024 0 0 384 0 0 64 0 0
110 54 1 1 17 0 0 9 0 0
111 48 0 0 8 0 0 0 0 0
115 3 0 0 0 0 0 0 0 0
116 54 1 1 17 0 0 9 0 0
117 48 0 0 8 0 0 0 0 0
120 3 1 1 0 0 0 0 0 0
122 54 1 1 17 0 0 9 0 0
123 432 1 1 136 0 0 72 0 0
124 1216 0 0 384 0 0 64 0 0
127 3 0 0 2 0 0 0 0 0
fn=transpose_int
15 8 0 0 0 0 0 4 0 0
17 108 2 2 34 0 0 18 0 0
18 448 0 0 144 0 0 72 0 0
19 392 0 0 224 0 0 56 0 0
20 672 1 1 392 0 0 56 0 0
21 392 0 0 224 0 0 56 0 0
24 8 0 0 2 0 0 0 0 0
fl=/root/repo/src/dct/loeffler_float.c
fn=dct_1d_float
30 112 1 1 0 0 0 64 0 0
34 112 1 1 64 0 0 16 0 0
35 128 0 0 64 0 0 16 0 0
36 128 1 1 64 0 0 16 0 0
37 128 0 0 64 0 0 16 0 0
38 128 1 1 64 0 0 16 0 0
39 128 0 0 64 0 0 16 0 0
40 128 1 1 64 0 0 16 0 0
41 112 0 0 64 0 0 16 0 0
46 64 0 0 32 0 0 16 0 0
47 64 1 1 32 0 0 16 0 0
48 64 0 0 32 0 0 16 0 0
49 64 0 0 32 0 0 16 0 0
51 96 1 1 48 1 1 16 0 0
52 96 0 0 48 0 0 16 0 0
53 96 0 0 48 0 0 16 0 0
54 96 1 1 48 0 0 16 0 0
55 96 0 0 48 0 0 16 0 0
56 96 0 0 48 1 0 16 0 0
61 64 1 1 32 0 0 16 0 0
62 64 0 0 32 0 0 16 0 0
64 96 0 0 48 0 0 16 0 0
65 96 1 1 48 0 0 16 0 0
66 96 0 0 48 0 0 16 0 0
68 64 0 0 32 0 0 16 0 0
69 64 1 1 32 0 0 16 0 0
70 64 0 0 32 0 0 16 0 0
71 64 0 0 32 0 0 16 0 0
74 48 0 0 48 0 0 32 0 0
75 64 1 1 48 0 0 32 0 0
76 64 0 0 48 0 0 32 0 0
77 64 0 0 48 0 0 32 0 0
79 96 0 0 48 0 0 16 0 0
81 96 1 1 48 0 0 16 0 0
82 96 0 0 48 0 0 16 0 0
84 96 1 1 48 0 0 16 0 0
107 48 0 0 16 0 0 0 0 0
109 48 0 0 24 0 0 8 0 0
110 64 1 1 24 0 0 8 0 0
111 64 0 0 24 0 0 8 0 0
112 64 1 1 24 0 0 8 0 0
113 64 0 0 24 0 0 8 0 0
114 64 1 1 24 0 0 8 0 0
115 64 0 0 24 0 0 8 0 0
116 64 0 0 24 0 0 8 0 0
118 64 1 0 16 0 0 0 0 0
fn=dct_loeffler_float
121 6 1 1 0 0 0 4 0 0
125 54 2 2 17 0 0 9 0 0
126 432 1 1 136 0 0 72 0 0
127 1152 0 0 384 0 0 64 0 0
133 54 1 1 17 0 0 9 0 0
134 96 0 0 16 0 0 0 0 0
138 4 0 0 0 0 0 0 0 0
139 54 2 2 17 0 0 9 0 0
140 96 0 0 16 0 0 0 0 0
143 3 0 0 0 0 0 0 0 0
145 54 1 1 17 0 0 9 0 0
146 432 1 1 136 0 0 72 0 0
148 2208 2 2 576 0 0 64 0 0
151 3 0 0 2 0 0 0 0 0
fn=transpose_double
6 8 0 0 0 0 0 4 0 0
8 108 1 1 34 0 0 18 0 0
9 448 1 1 144 0 0 72 0 0
10 504 0 0 280 0 0 112 0 0
11 896 1 1 448 0 0 112 0 0
12 504 0 0 280 0 0 112 0 0
15 8 0 0 2 0 0 0 0 0
fl=/root/repo/src/dct/naive.c
fn=dct_naive
46 5 1 1 0 0 0 3 0 0
49 54 2 2 17 0 0 9 0 0
51 58 0 0 8 0 0 16 0 0
52 432 1 1 136 0 0 72 0 0
54 464 1 1 64 0 0 128 0 0
55 192 0 0 0 0 0 128 0 0
56 3456 2 2 1088 0 0 576 0 0
58 1536 0 0 0 0 0 1024 0 0
59 7680 1 1 2048 1 1 1024 0 0
60 27648 1 1 8704 0 0 4608 0 0
62 61440 1 1 16384 4 4 8192 0 0
63 65536 0 0 28672 0 0 4096 0 0
65 2048 0 0 1024 0 0 512 0 0
68 512 0 0 192 0 0 64 0 0
69 1184 1 1 320 0 0 64 0 0
72 4 0 0 1 0 0 0 0 0
fl=/root/repo/src/dct/twostep_slow.c
fn=dct_twostep_slow
61 6 1 1 0 0 0 4 1 0
65 54 3 3 17 0 0 9 0 0
66 432 0 0 136 0 0 72 0 0
67 1152 0 0 384 0 0 64 2 1
72 7 0 0 0 0 0 0 0 0
73 7 0 0 0 0 0 0 0 0
75 54 2 2 17 0 0 9 0 0
76 432 1 1 136 0 0 72 0 0
79 768 1 1 192 0 0 64 0 0
80 1184 0 0 320 0 0 64 0 0
83 3 0 0 2 0 0 0 0 0
fn=square_matrix_multiply
44 12 0 0 0 0 0 8 0 0
46 108 0 0 34 0 0 18 0 0
47 864 2 2 272 0 0 144 0 0
49 1280 0 0 384 0 0 256 7 6
50 6912 0 0 2176 0 0 1152 0 0
52 34816 2 2 15360 17 16 1024 0 0
56 8 0 0 2 0 0 0 0 0
fl=/root/repo/src/main.c
fn=main
9 5 0 0 0 0 0 4 0 0
10 4 0 0 0 0 0 2 0 0
12 2 0 0 0 0 0 1 0 0
15 10 1 1 2 0 0 2 0 0
17 7 1 0 3 0 0 1 0 0
20 7 1 1 3 0 0 1 0 0
26 5 0 0 4 0 0 0 0 0
29 2 1 0 1 0 0 0 0 0
32 1 0 0 0 0 0 0 0 0
33 3 0 0 2 0 0 0 0 0
fl=/root/repo/src/util/helpers.c
fn=JPG_level_off
95 6 1 1 0 0 0 5 0 0
96 2 0 0 0 0 0 1 0 0
99 4 0 0 2 0 0 1 0 0
101 4 0 0 1 0 0 1 0 0
103 2 0 0 1 0 0 1 0 0
106 455 2 1 194 0 0 65 0 0
107 768 0 0 384 0 0 64 1 0
110 1 0 0 1 0 0 0 0 0
111 3 0 0 2 0 0 0 0 0
fn=print_line
10 240 48 1 0 0 0 480 0 0
12 144 0 0 96 1 1 0 0 0
22 96 1 1 48 0 0 48 0 0
23 864 0 0 0 0 0 240 0 0
24 1104 4 2 768 0 0 0 0 0
25 48 0 0 0 0 0 0 0 0
59 144 1 0 384 0 0 0 0 0
fn=read_arguments
114 7 2 2 0 0 0 6 0 0
117 3 0 0 0 0 0 1 0 0
125 3 0 0 1 0 0 0 0 0
131 3 1 1 2 0 0 1 0 0
132 3 0 0 2 0 0 1 0 0
133 3 0 0 2 0 0 1 0 0
137 4 0 0 0 0 0 1 0 0
138 5 0 0 1 0 0 1 0 0
139 8 1 1 2 0 0 0 0 0
144 5 1 1 1 0 0 1 0 0
145 8 0 0 2 0 0 0 0 0
151 2 0 0 0 0 0 1 0 0
152 3 1 1 1 0 0 0 0 0
163 14 2 2 4 0 0 0 0 0
169 3 0 0 2 0 0 1 0 0
170 3 0 0 2 0 0 1 0 0
171 3 0 0 2 0 0 1 0 0
172 3 0 0 2 0 0 1 0 0
173 3 0 0 2 0 0 0 0 0
fn=read_file
62 6 1 1 0 0 0 5 0 0
64 5 1 1 1 0 0 1 0 0
65 3 0 0 1 0 0 0 0 0
72 4 0 0 2 0 0 1 0 0
73 4 1 1 1 0 0 1 0 0
74 3 0 0 1 0 0 0 0 0
81 6 0 0 3 0 0 1 0 0
82 4 1 1 2 0 0 0 0 0
89 2 0 0 1 0 0 0 0 0
91 1 0 0 1 0 0 0 0 0
92 3 0 0 2 1 0 0 0 0
fl=???
fn=(below main)
0 68 6 4 29 3 1 14 0 0
fn=???
0 4041 100 20 1454 54 22 28 0 0
fn=_Exit
0 4 1 1 0 0 0 1 0 0
fn=_IO_cleanup
0 202 13 13 60 2 2 36 0 0
fn=_IO_default_finish
0 14 2 2 8 0 0 4 0 0
fn=_IO_default_setbuf
0 45 5 5 12 1 1 16 0 0
fn=_IO_default_xsputn
0 3095 3 3 947 1 0 48 0 0
fn=_IO_do_write@@GLIBC_2.4
0 524 1 1 130 0 0 130 0 0
fn=_IO_doallocbuf
0 44 2 2 20 2 1 8 0 0
fn=_IO_file_close
0 2 1 1 1 0 0 0 0 0
fn=_IO_file_close_it@@GLIBC_2.4
0 59 6 6 12 1 1 14 0 0
fn=_IO_file_doallocate
0 125 6 5 45 1 1 14 0 0
fn=_IO_file_finish@@GLIBC_2.4
0 9 3 2 5 0 0 4 0 0
fn=_IO_file_fopen@@GLIBC_2.4
0 54 6 6 20 2 2 13 0 0
fn=_IO_file_open
0 34 5 5 8 0 0 6 0 0
fn=_IO_file_overflow@@GLIBC_2.4
0 6647 7 6 2125 0 0 1336 0 0
fn=_IO_file_read
0 5 2 2 2 0 0 0 0 0
fn=_IO_file_setbuf@@GLIBC_2.4
0 14 2 1 3 0 0 8 0 0
fn=_IO_file_stat
0 8 2 1 2 0 0 0 0 0
fn=_IO_file_sync@@GLIBC_2.4
0 16 4 4 8 0 0 6 0 0
fn=_IO_file_underflow@@GLIBC_2.4
0 55 5 5 23 2 2 15 0 0
fn=_IO_file_write@@GLIBC_2.4
0 1690 3 3 650 0 0 390 1 0
fn=_IO_file_xsgetn
0 58 6 5 21 1 1 10 0 0
fn=_IO_file_xsputn@@GLIBC_2.4
0 44473 405 5 13782 4 2 9293 3 1
fn=_IO_flush_all_lockp
0 160 12 12 54 7 1 28 0 0
fn=_IO_link_in
0 151 11 10 54 4 3 38 0 0
fn=_IO_new_file_init_internal
0 13 1 1 5 0 0 8 0 0
fn=_IO_no_init
0 28 3 3 5 0 0 19 1 1
fn=_IO_old_init
0 32 2 2 3 1 0 19 1 1
fn=_IO_padn
0 8910 409 5 3960 2 2 1980 0 0
fn=_IO_setb
0 53 1 1 25 0 0 27 0 0
fn=_IO_sgetn
0 15 2 2 6 2 1 2 0 0
fn=_IO_switch_to_get_mode
0 19 4 4 9 0 0 9 0 0
fn=_IO_un_link
0 7 0 0 2 0 0 0 0 0
fn=_IO_unsave_markers
0 7 2 2 2 0 0 0 0 0
fn=__GI__IO_un_link.part.1
0 147 12 12 42 2 1 29 0 0
fn=__GI___close_nocancel
0 21 1 1 3 0 0 3 0 0
fn=__GI___tunables_init
0 8338 7 7 1604 17 17 36 1 1
fn=____strtol_l_internal
0 206 11 11 50 4 2 34 0 0
fn=__aeabi_uidivmod
0 1568 5 3 588 0 0 588 2 1
fn=__call_tls_dtors
0 9 2 2 10 1 1 6 0 0
fn=__close_nocancel
0 7 1 1 1 0 0 1 0 0
fn=__ctype_init
0 22 2 1 14 3 1 4 0 0
fn=__cxa_atexit
0 3 1 1 1 1 1 0 0 0
fn=__cxa_finalize
0 84 6 5 27 2 2 17 0 0
fn=__default_morecore
0 10 1 1 4 0 0 4 1 0
fn=__errno_location
0 15 2 1 6 1 0 0 0 0
fn=__fopen_internal
0 38 4 4 8 1 0 8 2 1
fn=__fxstat64
0 45 4 3 5 0 0 5 2 2
fn=__init_misc
0 21 2 1 11 1 1 6 1 0
fn=__internal_atexit
0 57 3 3 17 2 1 15 0 0
fn=__libc_csu_init
0 22 2 1 11 2 1 8 0 0
fn=__libc_scratch_buffer_set_array_size
0 34 3 3 10 0 0 8 0 0
fn=__memcpy_neon
0 14874 8 6 1040 0 0 1040 0 0
fn=__new_exitfn
0 36 5 5 12 4 2 9 0 0
fn=__open64_nocancel
0 63 2 2 6 0 0 12 2 2
fn=__overflow
0 114 6 1 42 1 1 12 0 0
fn=__read_nocancel
0 14 1 1 2 0 0 2 0 0
fn=__run_exit_handlers
0 165 11 10 42 5 1 22 0 0
fn=__sigjmp_save
0 19 2 2 2 0 0 6 1 1
fn=__sigsetjmp
0 82 11 6 12 3 2 72 4 4
fn=__tunable_get_val
0 356 11 3 119 14 1 54 0 0
fn=__udivsi3
0 12524 24 11 0 0 0 0 0 0
fn=__underflow
0 36 3 3 15 1 1 5 0 0
fn=__unregister_atfork
0 46 4 4 15 2 2 11 0 0
fn=_dl_add_to_namespace_list
0 139 5 3 41 1 0 32 0 0
fn=_dl_add_to_slotinfo
0 17 2 2 12 1 1 8 0 0
fn=_dl_addr
0 57694 10 10 14110 785 601 18 1 0
fn=_dl_allocate_tls_init
0 84 6 6 35 3 1 16 0 0
fn=_dl_allocate_tls_storage
0 28 3 2 7 1 1 5 0 0
fn=_dl_cache_libcmp
0 647 4 4 98 7 7 16 0 0
fn=_dl_catch_error
0 19 2 2 8 0 0 7 0 0
fn=_dl_catch_exception
0 96 2 2 27 4 0 39 2 2
fn=_dl_check_all_versions
0 57 3 3 14 0 0 6 0 0
fn=_dl_check_map_versions
0 1271 19 19 440 25 18 174 9 9
fn=_dl_count_modids
0 7 1 1 3 1 1 0 0 0
fn=_dl_debug_initialize
0 66 4 2 19 2 1 4 0 0
fn=_dl_debug_state
0 2 2 1 0 0 0 0 0 0
fn=_dl_determine_tlsoffset
0 68 7 6 22 1 1 17 0 0
fn=_dl_discover_osversion
0 85 5 5 19 2 1 9 0 0
fn=_dl_dst_count
0 24 3 2 18 0 0 18 0 0
fn=_dl_find_dso_for_object
0 45 4 3 20 3 2 6 0 0
fn=_dl_fini
0 316 14 13 97 12 1 42 3 0
fn=_dl_fixup
0 882 21 6 337 31 2 121 0 0
fn=_dl_important_hwcaps
0 1605 24 24 249 1 1 216 3 3
fn=_dl_init
0 74 3 3 30 1 1 10 0 0
fn=_dl_init_paths
0 231 9 9 24 2 2 60 3 3
fn=_dl_load_cache_lookup
0 296 17 17 65 9 9 23 0 0
fn=_dl_lookup_symbol_x
0 17172 27 10 4996 113 94 2665 4 1
fn=_dl_map_object
0 421 22 22 118 2 2 65 3 3
fn=_dl_map_object_deps
0 939 33 30 201 7 3 99 5 5
fn=_dl_map_object_from_fd
0 1811 54 44 496 11 11 229 13 13
fn=_dl_name_match_p
0 1363 14 3 541 6 0 268 3 2
fn=_dl_new_object
0 580 13 10 110 4 3 98 14 14
fn=_dl_next_ld_env_entry
0 169 3 3 55 0 0 1 0 0
fn=_dl_next_tls_modid
0 12 2 2 6 1 1 3 0 0
fn=_dl_protect_relro
0 84 3 2 28 1 1 8 0 0
fn=_dl_receive_error
0 13 1 0 7 1 1 8 0 0
fn=_dl_relocate_object
0 19884 54 54 5480 494 425 2645 8 1
fn=_dl_runtime_resolve
0 99 3 1 77 0 0 55 1 0
fn=_dl_setup_hash
0 92 4 2 32 6 6 32 1 1
fn=_dl_sort_maps
0 365 14 7 101 0 0 54 0 0
fn=_dl_start
0 1154 22 20 291 43 41 103 8 8
fn=_dl_sysdep_read_whole_file
0 32 3 3 5 1 1 7 1 1
fn=_dl_sysdep_start
0 399 18 17 104 10 9 46 6 6
fn=_dl_sysdep_start_cleanup
0 1 1 0 0 0 0 0 0 0
fn=_dl_unload_cache
0 12 1 0 5 2 0 3 0 0
fn=_dl_vdso_vsym
0 42 3 2 24 3 1 8 0 0
fn=_init
0 115 7 6 34 8 4 16 3 2
fn=_int_free
0 221 22 16 90 5 2 38 0 0
fn=_int_malloc
0 1026 30 22 206 3 3 213 6 5
fn=_itoa_word
0 12546 4 3 3846 2 2 3456 0 0
fn=_setjmp
0 2 1 1 0 0 0 0 0 0
fn=access
0 13 1 1 2 1 0 2 0 0
fn=allocate_dtv
0 14 2 1 6 1 1 6 1 1
fn=bcmp
0 687 17 13 256 12 11 112 2 2
fn=brk
0 74 4 3 17 2 2 11 0 0
fn=call_init.part.0
0 122 5 4 69 3 1 36 0 0
fn=calloc
0 104 5 2 32 0 0 32 3 3
fn=check_match
0 5331 15 6 2281 58 17 714 0 0
fn=check_stdfiles_vtables
0 20 3 2 11 5 2 0 0 0
fn=dl_main
0 1212 76 74 326 35 22 137 10 10
fn=do_lookup_x
0 31923 29 13 10722 252 142 5379 5 3
fn=do_preload
0 29 3 3 11 1 1 11 0 0
fn=dso_name_valid_for_suid
0 11 2 1 5 1 1 2 0 0
fn=exit
0 6 1 1 1 1 0 2 0 0
fn=expand_dynamic_string_token
0 10 2 2 6 0 0 6 0 0
fn=fclose@@GLIBC_2.4
0 104 7 7 32 2 1 14 0 0
fn=fopen@@GLIBC_2.4
0 2 1 1 0 0 0 0 0 0
fn=fread
0 70 5 5 20 0 0 16 0 0
fn=free
0 105 12 5 45 3 1 14 0 0
fn=handle_ld_preload
0 52 6 4 14 1 0 10 0 0
fn=index
0 394 7 3 69 2 2 8 1 1
fn=init_tls
0 84 5 4 22 2 2 13 0 0
fn=isatty
0 18 2 1 8 1 1 3 0 0
fn=malloc
0 842 18 13 286 5 2 166 0 0
fn=malloc_hook_ini
0 12 1 1 5 1 1 3 0 0
fn=map_doit
0 15 2 1 5 0 0 5 1 1
fn=memchr
0 5 1 1 1 1 0 0 0 0
fn=memcpy
0 521 6 4 102 3 1 101 8 8
fn=mempcpy
0 5020 2 1 2008 0 0 2008 0 0
fn=memset
0 1361 8 5 0 0 0 672 38 38
fn=mmap
0 98 1 1 35 0 0 21 1 1
fn=mprotect
0 36 2 1 6 0 0 6 0 0
fn=munmap
0 6 1 1 1 0 0 1 0 0
fn=new_do_write
0 3120 5 5 1170 1 1 845 0 0
fn=open
0 37 3 3 14 1 1 8 0 0
fn=open_verify.constprop.8
0 424 23 17 106 9 8 40 2 2
fn=openaux
0 34 2 1 16 0 0 10 1 1
fn=printf
0 1296 9 2 648 1 1 432 0 0
fn=ptmalloc_init
0 757 10 9 48 13 3 265 21 17
fn=puts
0 550 10 8 176 4 1 75 0 0
fn=read
0 15 2 2 10 2 2 6 0 0
fn=read_int
0 5760 401 3 2304 0 0 1536 0 0
fn=rindex
0 57 4 4 9 1 0 4 0 0
fn=rtld_lock_default_lock_recursive
0 20 3 0 5 2 1 5 0 0
fn=rtld_lock_default_unlock_recursive
0 20 5 1 5 1 0 5 0 0
fn=sbrk
0 67 6 4 28 5 3 12 0 0
fn=strchrnul
0 11490 5 5 2094 2 2 984 1 0
fn=strcmp
0 9105 24 12 1885 11 4 616 2 1
fn=strcspn
0 202 5 5 105 1 1 8 2 2
fn=strdup
0 24 1 1 8 0 0 8 0 0
fn=strlen
0 820 8 6 156 6 6 36 0 0
fn=strstr
0 27 3 2 18 2 2 11 0 0
fn=strtol
0 22 2 1 8 1 1 4 0 0
fn=sysmalloc
0 162 15 15 50 4 3 24 3 2
fn=systrim.isra.1.constprop.7
0 20 3 3 15 1 0 8 0 0
fn=tcache_init.part.3
0 50 3 3 13 1 1 9 0 0
fn=tcgetattr
0 53 4 4 21 1 1 22 0 0
fn=uname
0 6 1 1 1 0 0 1 1 1
fn=version_check_doit
0 10 2 1 5 1 1 2 0 0
fn=vfprintf
0 115806 950 48 30087 9 8 14809 3 0
fn=write
0 975 53 1 650 1 1 390 0 0
summary: 704985 3801 1244 214519 2274 1628 85970 236 195
